[gd_scene load_steps=50 format=2]

[ext_resource path="res://nodes/warp_region/WarpTarget.gd" type="Script" id=1]
[ext_resource path="res://mods/ap7-dungeon/parcels/props/market_stall.tres" type="Resource" id=2]
[ext_resource path="res://mods/ap7-dungeon/parcels/deadworld/lamp/deadworld_lamp.tres" type="Resource" id=3]
[ext_resource path="res://mods/ap7-dungeon/floors/region_settings/DungeonIntro_MallMetadata.tres" type="Resource" id=4]
[ext_resource path="res://nodes/water/MarshWater.tscn" type="PackedScene" id=5]
[ext_resource path="res://mods/ap7-dungeon/floors/region_settings/DungeonIntro_Mall.tres" type="Resource" id=6]
[ext_resource path="res://world/core/LevelMap.gd" type="Script" id=7]
[ext_resource path="res://world/maps/StationMeshlib.meshlib" type="MeshLibrary" id=8]
[ext_resource path="res://world/maps/PlainsMeshlib.meshlib" type="MeshLibrary" id=9]
[ext_resource path="res://mods/ap7-dungeon/parcels/RandomParcelRngRoot.gd" type="Script" id=10]
[ext_resource path="res://mods/ap7-dungeon/floorgen/NextFloorWarpArea.gd" type="Script" id=11]
[ext_resource path="res://mods/ap7-dungeon/parcels/RandomParcelNode.gd" type="Script" id=12]
[ext_resource path="res://nodes/camera/LaggingTracker.gd" type="Script" id=13]
[ext_resource path="res://world/objects/static_physics/mall_props/MallWorld.tscn" type="PackedScene" id=14]
[ext_resource path="res://mods/ap7-dungeon/parcels/props/RandomStickerMerchants.tres" type="Resource" id=15]
[ext_resource path="res://world/world_camera_env_pier.tres" type="Environment" id=16]
[ext_resource path="res://mods/ap7-dungeon/npcs/CampsiteMerchantItems.tscn" type="PackedScene" id=17]
[ext_resource path="res://mods/ap7-dungeon/npcs/CampsiteMagikrab.tscn" type="PackedScene" id=18]
[ext_resource path="res://mods/ap7-dungeon/parcels/props/station_shell/station_shell_9.tscn" type="PackedScene" id=19]
[ext_resource path="res://world/objects/static_physics/metal_fence/MetalFenceMesh1.tscn" type="PackedScene" id=20]
[ext_resource path="res://mods/ap7-dungeon/parcels/props/MemorySigilChest.tscn" type="PackedScene" id=21]
[ext_resource path="res://world/objects/campsite/Campsite.tscn" type="PackedScene" id=22]
[ext_resource path="res://world/objects/static_physics/metal_fence/MetalFencePole1.tscn" type="PackedScene" id=23]
[ext_resource path="res://nodes/camera/WorldCamera.tscn" type="PackedScene" id=24]
[ext_resource path="res://world/maps/DeadworldMeshlib.meshlib" type="MeshLibrary" id=25]
[ext_resource path="res://mods/ap7-dungeon/parcels/deadworld/building/deadworld_building.tres" type="Resource" id=26]
[ext_resource path="res://world/objects/rigid_physics/LiftableBarrel.tscn" type="PackedScene" id=27]
[ext_resource path="res://mods/ap7-dungeon/parcels/props/signs/sign_construction.tscn" type="PackedScene" id=28]
[ext_resource path="res://mods/ap7-dungeon/parcels/RandomRotNode.gd" type="Script" id=29]
[ext_resource path="res://mods/ap7-dungeon/parcels/props/tree/greenTree.tres" type="Resource" id=30]
[ext_resource path="res://mods/ap7-dungeon/parcels/props/vines/vine_2.tscn" type="PackedScene" id=31]
[ext_resource path="res://world/objects/static_physics/station_bench/station_bench.tscn" type="PackedScene" id=32]
[ext_resource path="res://world/objects/grass/MeadowGrassParticles.tscn" type="PackedScene" id=33]
[ext_resource path="res://world/objects/grass/grass_emitter.shader" type="Shader" id=34]
[ext_resource path="res://world/objects/static_physics/deadworld_props/DeadBarrier1.tscn" type="PackedScene" id=35]
[ext_resource path="res://models/world_scenes/props/mall_sign_1.tscn" type="PackedScene" id=36]
[ext_resource path="res://world/objects/forces/magnetic_pylon/magnetic_pylon.tscn" type="PackedScene" id=37]
[ext_resource path="res://world/objects/static_physics/pylon_pole/pylon_pole.tscn" type="PackedScene" id=38]
[ext_resource path="res://world/objects/static_physics/dead_tree/DeadTree4.tscn" type="PackedScene" id=39]
[ext_resource path="res://world/objects/rigid_physics/LiftableCrate.tscn" type="PackedScene" id=40]

[sub_resource type="ShaderMaterial" id=9]
shader = ExtResource( 34 )
shader_param/random_seed = 477217
shader_param/offset = Vector3( 0, 0.5, 0 )
shader_param/rows = 6
shader_param/spacing = 1.25
shader_param/rand_theta_max = 0.5
shader_param/rand_flip = true
shader_param/aabb_min = Vector3( -4, 2, -4 )
shader_param/aabb_max = Vector3( 4, 8, 4 )
shader_param/num_frames = 20
shader_param/frame_odds_curve = 3.0

[sub_resource type="BoxShape" id=2]
extents = Vector3( 0.25, 6, 2 )

[sub_resource type="BoxShape" id=3]
extents = Vector3( 2, 1, 2 )

[sub_resource type="BoxShape" id=4]
extents = Vector3( 0.25, 6, 0.25 )

[sub_resource type="BoxShape" id=5]
extents = Vector3( 2, 4, 2 )

[sub_resource type="QuadMesh" id=6]
size = Vector2( 10, 10 )

[sub_resource type="SpatialMaterial" id=7]
albedo_color = Color( 0, 0, 0, 1 )

[sub_resource type="PlaneMesh" id=10]
custom_aabb = AABB( -101, -1, -101, 202, 2, 202 )
size = Vector2( 200, 200 )
subdivide_width = 49
subdivide_depth = 49

[sub_resource type="BoxShape" id=8]
extents = Vector3( 20, 20, 1 )

[node name="IntroMall" type="Spatial"]
script = ExtResource( 7 )
map_metadata = ExtResource( 4 )
kill_depth = -6.0
default_region_settings = ExtResource( 6 )

[node name="RngRoot" type="Spatial" parent="."]
script = ExtResource( 10 )

[node name="Stall1" type="Spatial" parent="RngRoot"]
transform = Transform( 0.998198, 0, 0.0600033, 0, 1, 0, -0.0600033, 0, 0.998198, -22.9027, 4, -26.7401 )

[node name="ItemMerchant2" parent="RngRoot/Stall1" instance=ExtResource( 17 )]
transform = Transform( 1, 0, 0, 0, 1, 0, 0, 0, 1, -0.101079, 0, -4.82142 )

[node name="RandomParcelNode" type="Spatial" parent="RngRoot/Stall1"]
transform = Transform( 1, 0, 0, 0, 1, 0, 0, 0, 1, 0, 0, -5 )
script = ExtResource( 12 )
parcel_set = ExtResource( 2 )

[node name="Stall2" type="Spatial" parent="RngRoot"]
transform = Transform( 0.99931, 0, 0.0371495, 0, 1, 0, -0.0371495, 0, 0.99931, -16.222, 4, -27.2213 )

[node name="RandomStickerMerchant" type="Spatial" parent="RngRoot/Stall2"]
transform = Transform( 1, 0, 0, 0, 1, 0, 0, 0, 1, -0.101079, 0, -4.82142 )
script = ExtResource( 12 )
parcel_set = ExtResource( 15 )

[node name="RandomParcelNode" type="Spatial" parent="RngRoot/Stall2"]
transform = Transform( 1, 0, 0, 0, 1, 0, 0, 0, 1, 0, 0, -5 )
script = ExtResource( 12 )
parcel_set = ExtResource( 2 )

[node name="ExitTraffikrab" parent="RngRoot" instance=ExtResource( 18 )]
transform = Transform( 1, 0, 0, 0, 1, 0, 0, 0, 1, 27.2867, 0, 22.176 )

[node name="Magikrab" parent="RngRoot/ExitTraffikrab" index="0"]
transform = Transform( 1, 0, 0, 0, 1, 0, 0, 0, 1, 0.501089, 0, 0 )

[node name="Sprite" parent="RngRoot/ExitTraffikrab/Magikrab" index="2"]
aabb = AABB( -2, 0, -2, 4, 3.4641, 2 )

[node name="Station" parent="RngRoot" instance=ExtResource( 19 )]
transform = Transform( 1, 0, -9.92113e-10, 0, 1, 0, 9.92113e-10, 0, 1, 29.9604, 0.000822067, 16.2103 )

[node name="MemorySigilChest" parent="RngRoot" instance=ExtResource( 21 )]
transform = Transform( 0.965926, 0, 0.258819, 0, 1, 0, -0.258819, 0, 0.965926, -3.47281, 2, -26.4279 )

[node name="Lamps" type="Spatial" parent="RngRoot"]

[node name="RandomParcelNode" type="Spatial" parent="RngRoot/Lamps"]
transform = Transform( -4.18378e-08, -0.289633, -0.957138, -1.26603e-08, 0.957138, -0.289633, 1, 0, -4.37114e-08, -38, 2.06595, -2.44814 )
script = ExtResource( 12 )
parcel_set = ExtResource( 3 )
preview_index = 6

[node name="RandomParcelNode8" type="Spatial" parent="RngRoot/Lamps"]
transform = Transform( -0.0258675, 0.126207, -0.991667, -0.199114, 0.971471, 0.12883, 0.979635, 0.200787, -4.28212e-08, -52, 1.86785, -2.44814 )
script = ExtResource( 12 )
parcel_set = ExtResource( 3 )
preview_index = 6

[node name="RandomParcelNode2" type="Spatial" parent="RngRoot/Lamps"]
transform = Transform( -4.37114e-08, 0, -1, 0, 1, 0, 1, 0, -4.37114e-08, -18, 1.86785, -2.44814 )
script = ExtResource( 12 )
parcel_set = ExtResource( 3 )
preview_index = 6

[node name="RandomParcelNode3" type="Spatial" parent="RngRoot/Lamps"]
transform = Transform( -4.37114e-08, 0, -1, 0, 1, 0, 1, 0, -4.37114e-08, -12.0491, 3.99962, -35.4029 )
script = ExtResource( 12 )
parcel_set = ExtResource( 3 )
preview_index = 6

[node name="RandomParcelNode4" type="Spatial" parent="RngRoot/Lamps"]
transform = Transform( -4.37114e-08, 0, -1, 0, 1, 0, 1, 0, -4.37114e-08, 23, 1.86785, -26.4481 )
script = ExtResource( 12 )
parcel_set = ExtResource( 3 )
preview_index = 6

[node name="RandomParcelNode5" type="Spatial" parent="RngRoot/Lamps"]
transform = Transform( -0.0486644, -0.323996, -0.944806, 0.140336, 0.934326, -0.32763, 0.988907, -0.148534, -4.32265e-08, 33, 1.86785, -2.44814 )
script = ExtResource( 12 )
parcel_set = ExtResource( 3 )
preview_index = 6

[node name="RandomParcelNode6" type="Spatial" parent="RngRoot/Lamps"]
transform = Transform( -4.35074e-08, -0.0964885, -0.995334, -0.119149, 0.988244, -0.0958012, 0.992876, 0.118593, -0.0114966, 49, 2.06906, -2.44814 )
script = ExtResource( 12 )
parcel_set = ExtResource( 3 )
preview_index = 6

[node name="RandomParcelNode7" type="Spatial" parent="RngRoot/Lamps"]
transform = Transform( -4.37114e-08, 0, -1, 0, 1, 0, 1, 0, -4.37114e-08, 62, 1.86785, -2.44814 )
script = ExtResource( 12 )
parcel_set = ExtResource( 3 )
preview_index = 6

[node name="Buildings" type="Spatial" parent="RngRoot"]

[node name="RandomParcelNode" type="Spatial" parent="RngRoot/Buildings"]
transform = Transform( 0.707107, 0, 0.707107, 0, 1, 0, -0.707107, 0, 0.707107, -23, -0.239715, 17.6915 )
script = ExtResource( 12 )
parcel_set = ExtResource( 26 )
preview_index = 8

[node name="MallWorld" parent="RngRoot" instance=ExtResource( 14 )]
transform = Transform( 1, 0, 0, 0, 1, 0, 0, 0, 1, 14, 1.92771, -32.3918 )

[node name="metal_fence_mesh_3" parent="RngRoot" instance=ExtResource( 20 )]
transform = Transform( 0.707107, 0, 0.707107, 0, 1, 0, -0.707107, 0, 0.707107, -5.3885, 2, -27.5511 )

[node name="metal_fence_mesh_4" parent="RngRoot" instance=ExtResource( 20 )]
transform = Transform( 0.82467, 0.565615, -2.47238e-08, 0, -4.37114e-08, -1, -0.565615, 0.82467, -3.60475e-08, -9.73609, 2.03581, -9.43671 )

[node name="metal_fence_mesh_5" parent="RngRoot" instance=ExtResource( 20 )]
transform = Transform( -0.0775022, 0.996992, -4.35799e-08, 0, -4.37114e-08, -1, -0.996992, -0.0775021, 3.38773e-09, -4.73609, 2.03581, -9.43671 )

[node name="metal_fence_pole_3" parent="RngRoot" instance=ExtResource( 23 )]
transform = Transform( 0.707107, 0, 0.707107, 0, 1, 0, -0.707107, 0, 0.707107, -6.80271, 2, -26.1368 )

[node name="metal_fence_pole_5" parent="RngRoot" instance=ExtResource( 23 )]
transform = Transform( 0.917917, 0.259427, 0.300209, -0.361093, 0.859781, 0.361093, -0.164437, -0.439857, 0.882885, -6.80271, 1.54875, -5.93712 )

[node name="metal_fence_pole_7" parent="RngRoot" instance=ExtResource( 23 )]
transform = Transform( 0.917917, 0.259427, 0.300209, -0.314456, 0.937072, 0.151704, -0.241962, -0.233654, 0.941733, -11.0096, 1.54875, -5.69983 )

[node name="metal_fence_pole_6" parent="RngRoot" instance=ExtResource( 23 )]
transform = Transform( 0.395206, -0.209633, 0.894353, -0.361093, 0.859781, 0.361093, -0.844645, -0.465651, 0.264093, 0.19729, 1.54875, -10.3485 )

[node name="metal_fence_pole_8" parent="RngRoot" instance=ExtResource( 23 )]
transform = Transform( 0.867549, -0.497353, -3.79218e-08, -4.37114e-08, 1.91069e-15, -1, 0.497353, 0.867548, -2.174e-08, -4.15228, 2.16169, -12.4055 )

[node name="metal_fence_pole_4" parent="RngRoot" instance=ExtResource( 23 )]
transform = Transform( 0.699213, -0.149, 0.699213, 0.105359, 0.988837, 0.105359, -0.707107, 0, 0.707107, 30.4955, 2, -16.0444 )

[node name="metal_fence_mesh_2" parent="RngRoot" instance=ExtResource( 20 )]
transform = Transform( 1, 0, -1.11759e-07, 0, 1, 0, 1.11759e-07, 0, 1, -1.95159, 2, -29 )

[node name="metal_fence_pole_1" parent="RngRoot" instance=ExtResource( 23 )]
transform = Transform( 1, 0, 0, 0, 1, 0, 0, 0, 1, -3.95159, 2, -29 )

[node name="metal_fence_pole_2" parent="RngRoot" instance=ExtResource( 23 )]
transform = Transform( 1, 0, 0, 0, 1, 0, 0, 0, 1, 0.0484099, 2, -29 )

[node name="LiftableBarrel" parent="RngRoot" instance=ExtResource( 27 )]
transform = Transform( 1, 0, 0, 0, 1, 0, 0, 0, 1, -2.5, 3, -31.321 )

[node name="Sprite3D" parent="RngRoot" instance=ExtResource( 28 )]
transform = Transform( 0.711425, 0, -0.702762, -0.0866433, 0.992371, -0.0877114, 0.6974, 0.12329, 0.705998, 29.7714, 4.41757, -15.9911 )

[node name="LiftableBarrel2" parent="RngRoot" instance=ExtResource( 27 )]
transform = Transform( 1, 0, 0, 0, 1, 0, 0, 0, 1, -1.60776, 3, -34.3901 )

[node name="LiftableBarrel3" parent="RngRoot" instance=ExtResource( 27 )]
transform = Transform( 1, 0, 0, 0, 1, 0, 0, 0, 1, 22.5809, 0.9684, 14.8483 )

[node name="Sprite3D2" parent="RngRoot" instance=ExtResource( 31 )]
transform = Transform( 0.707242, -0.706971, 0, 0.706971, 0.707242, 0, 0, 0, 1, -8.16481, 5.33005, -44.8133 )

[node name="Sprite3D7" parent="RngRoot" instance=ExtResource( 31 )]
transform = Transform( 0.160277, 0.987072, 0, -0.987072, 0.160277, 0, 0, 0, 1, -26.7667, 4.33945, -40.8133 )

[node name="Sprite3D3" parent="RngRoot" instance=ExtResource( 31 )]
transform = Transform( 0.971288, 0.237906, 0, -0.237906, 0.971288, 0, 0, 0, 1, 14.0889, 6.08506, -48.8133 )

[node name="Sprite3D4" parent="RngRoot" instance=ExtResource( 31 )]
transform = Transform( 0.971288, 0.237906, 0, -0.237906, 0.971288, 0, 0, 0, 1, 34.6855, 6.08506, -46.8133 )

[node name="Sprite3D5" parent="RngRoot" instance=ExtResource( 31 )]
transform = Transform( 0.89926, -0.437414, 0, 0.437414, 0.89926, 0, 0, 0, 1, 54.6855, 5.55529, -46.8133 )

[node name="Sprite3D6" parent="RngRoot" instance=ExtResource( 31 )]
transform = Transform( 0.946187, 0.32362, 0, -0.32362, 0.946187, 0, 0, 0, 1, 70.6855, 5.55529, -46.8133 )

[node name="Trees" type="Spatial" parent="RngRoot"]

[node name="Tree_1" type="Spatial" parent="RngRoot/Trees"]
transform = Transform( 1, 0, 0, 0, 1, 0, 0, 0, 1, -26, 4, -15.5041 )
script = ExtResource( 29 )

[node name="RandomParcelNode" type="Spatial" parent="RngRoot/Trees/Tree_1"]
script = ExtResource( 12 )
parcel_set = ExtResource( 30 )

[node name="Tree_22" type="Spatial" parent="RngRoot/Trees"]
transform = Transform( 1, 0, 0, 0, 1, 0, 0, 0, 1, -11, -2, 38.4959 )
script = ExtResource( 29 )

[node name="RandomParcelNode" type="Spatial" parent="RngRoot/Trees/Tree_22"]
script = ExtResource( 12 )
parcel_set = ExtResource( 30 )

[node name="Tree_23" type="Spatial" parent="RngRoot/Trees"]
transform = Transform( 1, 0, 0, 0, 1, 0, 0, 0, 1, 12, -2, 29.4959 )
script = ExtResource( 29 )

[node name="RandomParcelNode" type="Spatial" parent="RngRoot/Trees/Tree_23"]
script = ExtResource( 12 )
parcel_set = ExtResource( 30 )

[node name="Tree_2" type="Spatial" parent="RngRoot/Trees"]
transform = Transform( 1, 0, 0, 0, 1, 0, 0, 0, 1, -30, 4, -28.5041 )
script = ExtResource( 29 )

[node name="RandomParcelNode" type="Spatial" parent="RngRoot/Trees/Tree_2"]
script = ExtResource( 12 )
parcel_set = ExtResource( 30 )

[node name="Tree_3" type="Spatial" parent="RngRoot/Trees"]
transform = Transform( 1, 0, 0, 0, 1, 0, 0, 0, 1, -39, 4, -9.50414 )
script = ExtResource( 29 )

[node name="RandomParcelNode" type="Spatial" parent="RngRoot/Trees/Tree_3"]
script = ExtResource( 12 )
parcel_set = ExtResource( 30 )

[node name="Tree_4" type="Spatial" parent="RngRoot/Trees"]
transform = Transform( 1, 0, 0, 0, 1, 0, 0, 0, 1, -54, 4, -12.5041 )
script = ExtResource( 29 )

[node name="RandomParcelNode" type="Spatial" parent="RngRoot/Trees/Tree_4"]
script = ExtResource( 12 )
parcel_set = ExtResource( 30 )

[node name="Tree_5" type="Spatial" parent="RngRoot/Trees"]
transform = Transform( 1, 0, 0, 0, 1, 0, 0, 0, 1, -68, 4, -10.5041 )
script = ExtResource( 29 )

[node name="RandomParcelNode" type="Spatial" parent="RngRoot/Trees/Tree_5"]
script = ExtResource( 12 )
parcel_set = ExtResource( 30 )

[node name="Tree_6" type="Spatial" parent="RngRoot/Trees"]
transform = Transform( 1, 0, 0, 0, 1, 0, 0, 0, 1, -68, 6, -26.5041 )
script = ExtResource( 29 )

[node name="RandomParcelNode" type="Spatial" parent="RngRoot/Trees/Tree_6"]
script = ExtResource( 12 )
parcel_set = ExtResource( 30 )

[node name="Tree_7" type="Spatial" parent="RngRoot/Trees"]
transform = Transform( 1, 0, 0, 0, 1, 0, 0, 0, 1, -50, 6, -26.5041 )
script = ExtResource( 29 )

[node name="RandomParcelNode" type="Spatial" parent="RngRoot/Trees/Tree_7"]
script = ExtResource( 12 )
parcel_set = ExtResource( 30 )

[node name="Tree_8" type="Spatial" parent="RngRoot/Trees"]
transform = Transform( 1, 0, 0, 0, 1, 0, 0, 0, 1, -44, 6, -30.5041 )
script = ExtResource( 29 )

[node name="RandomParcelNode" type="Spatial" parent="RngRoot/Trees/Tree_8"]
script = ExtResource( 12 )
parcel_set = ExtResource( 30 )

[node name="Tree_9" type="Spatial" parent="RngRoot/Trees"]
transform = Transform( 1, 0, 0, 0, 1, 0, 0, 0, 1, -59, 6, -30.5041 )
script = ExtResource( 29 )

[node name="RandomParcelNode" type="Spatial" parent="RngRoot/Trees/Tree_9"]
script = ExtResource( 12 )
parcel_set = ExtResource( 30 )

[node name="Tree_10" type="Spatial" parent="RngRoot/Trees"]
transform = Transform( 1, 0, 0, 0, 1, 0, 0, 0, 1, 39, 4, -42.5041 )
script = ExtResource( 29 )

[node name="RandomParcelNode" type="Spatial" parent="RngRoot/Trees/Tree_10"]
script = ExtResource( 12 )
parcel_set = ExtResource( 30 )

[node name="Tree_11" type="Spatial" parent="RngRoot/Trees"]
transform = Transform( 1, 0, 0, 0, 1, 0, 0, 0, 1, 40, 4, -30.5041 )
script = ExtResource( 29 )

[node name="RandomParcelNode" type="Spatial" parent="RngRoot/Trees/Tree_11"]
script = ExtResource( 12 )
parcel_set = ExtResource( 30 )

[node name="Tree_12" type="Spatial" parent="RngRoot/Trees"]
transform = Transform( 1, 0, 0, 0, 1, 0, 0, 0, 1, 48, 4, -17.5041 )
script = ExtResource( 29 )

[node name="RandomParcelNode" type="Spatial" parent="RngRoot/Trees/Tree_12"]
script = ExtResource( 12 )
parcel_set = ExtResource( 30 )

[node name="Tree_13" type="Spatial" parent="RngRoot/Trees"]
transform = Transform( 1, 0, 0, 0, 1, 0, 0, 0, 1, 77, 4, -17.5041 )
script = ExtResource( 29 )

[node name="RandomParcelNode" type="Spatial" parent="RngRoot/Trees/Tree_13"]
script = ExtResource( 12 )
parcel_set = ExtResource( 30 )

[node name="Tree_14" type="Spatial" parent="RngRoot/Trees"]
transform = Transform( 1, 0, 0, 0, 1, 0, 0, 0, 1, 63, 4, -12.5041 )
script = ExtResource( 29 )

[node name="RandomParcelNode" type="Spatial" parent="RngRoot/Trees/Tree_14"]
script = ExtResource( 12 )
parcel_set = ExtResource( 30 )

[node name="Tree_15" type="Spatial" parent="RngRoot/Trees"]
transform = Transform( 1, 0, 0, 0, 1, 0, 0, 0, 1, 59, 4, -23.5041 )
script = ExtResource( 29 )

[node name="RandomParcelNode" type="Spatial" parent="RngRoot/Trees/Tree_15"]
script = ExtResource( 12 )
parcel_set = ExtResource( 30 )

[node name="Tree_16" type="Spatial" parent="RngRoot/Trees"]
transform = Transform( 1, 0, 0, 0, 1, 0, 0, 0, 1, 52, 4, -33.5041 )
script = ExtResource( 29 )

[node name="RandomParcelNode" type="Spatial" parent="RngRoot/Trees/Tree_16"]
script = ExtResource( 12 )
parcel_set = ExtResource( 30 )

[node name="Tree_17" type="Spatial" parent="RngRoot/Trees"]
transform = Transform( 1, 0, 0, 0, 1, 0, 0, 0, 1, 72, 4, -33.5041 )
script = ExtResource( 29 )

[node name="RandomParcelNode" type="Spatial" parent="RngRoot/Trees/Tree_17"]
script = ExtResource( 12 )
parcel_set = ExtResource( 30 )

[node name="Tree_18" type="Spatial" parent="RngRoot/Trees"]
transform = Transform( 1, 0, 0, 0, 1, 0, 0, 0, 1, 76, 4, -27.5041 )
script = ExtResource( 29 )

[node name="RandomParcelNode" type="Spatial" parent="RngRoot/Trees/Tree_18"]
script = ExtResource( 12 )
parcel_set = ExtResource( 30 )

[node name="Tree_19" type="Spatial" parent="RngRoot/Trees"]
transform = Transform( 1, 0, 0, 0, 1, 0, 0, 0, 1, 66, 4, -38.5041 )
script = ExtResource( 29 )

[node name="RandomParcelNode" type="Spatial" parent="RngRoot/Trees/Tree_19"]
script = ExtResource( 12 )
parcel_set = ExtResource( 30 )

[node name="Tree_20" type="Spatial" parent="RngRoot/Trees"]
transform = Transform( 1, 0, 0, 0, 1, 0, 0, 0, 1, 48, 4, -38.5041 )
script = ExtResource( 29 )

[node name="RandomParcelNode" type="Spatial" parent="RngRoot/Trees/Tree_20"]
script = ExtResource( 12 )
parcel_set = ExtResource( 30 )

[node name="Tree_21" type="Spatial" parent="RngRoot/Trees"]
transform = Transform( 1, 0, 0, 0, 1, 0, 0, 0, 1, 68, 4, -25.5041 )
script = ExtResource( 29 )

[node name="RandomParcelNode" type="Spatial" parent="RngRoot/Trees/Tree_21"]
script = ExtResource( 12 )
parcel_set = ExtResource( 30 )

[node name="DeadBarrier4" parent="RngRoot" instance=ExtResource( 35 )]
transform = Transform( 0.0871557, 0, -0.996195, 0, 1, 0, 0.996195, 0, 0.0871557, 45.3214, 2, 6.9067 )

[node name="DeadBarrier9" parent="RngRoot" instance=ExtResource( 35 )]
transform = Transform( -0.106924, 0, -0.994268, 0, 1, 0, 0.994268, 0, -0.106924, 45.3214, -0.160574, 14.9067 )

[node name="DeadBarrier5" parent="RngRoot" instance=ExtResource( 35 )]
transform = Transform( -0.173648, 0, -0.984808, 0, 1, 0, 0.984808, 0, -0.173648, 45.3214, 2, -1.0933 )

[node name="DeadBarrier6" parent="RngRoot" instance=ExtResource( 35 )]
transform = Transform( -0.173648, 0, -0.984808, 0, 1, 0, 0.984808, 0, -0.173648, -41.6786, 2, -1.0933 )

[node name="DeadBarrier7" parent="RngRoot" instance=ExtResource( 35 )]
transform = Transform( -0.0245544, 0, -0.999699, 0, 1, 0, 0.999699, 0, -0.0245544, -42.6786, 1.91042, 6.9067 )

[node name="DeadBarrier8" parent="RngRoot" instance=ExtResource( 35 )]
transform = Transform( 0.0946469, 0, -0.995511, 0, 1, 0, 0.995511, 0, 0.0946469, -40.3774, 0.112164, 14.9482 )

[node name="Meadow2" parent="RngRoot" instance=ExtResource( 33 )]
transform = Transform( 0.877866, 0, -0.478906, 0, 1, 0, 0.478906, 0, 0.877866, 1.50883, -1.96962, 47.7368 )
visibility_aabb = AABB( -4, 2, -4, 8, 6, 8 )
process_material = SubResource( 9 )

[node name="station_bench" parent="RngRoot" instance=ExtResource( 32 )]
transform = Transform( 0.654886, 0, 0.755728, 0, 1, 0, -0.755728, 0, 0.654886, 12.8722, -2.01943, 48.0295 )

[node name="magnetic_pylon" parent="RngRoot" instance=ExtResource( 37 )]
transform = Transform( -0.381684, -0.0772759, 0.921057, -0.184356, 0.982841, 0.00606287, -0.905721, -0.167488, -0.389381, -14.5212, 2, -12.0878 )

[node name="magnetic_pylon2" parent="RngRoot" instance=ExtResource( 37 )]
transform = Transform( 0.370725, 0.0638229, 0.926547, -0.184356, 0.982841, 0.00606287, -0.910262, -0.173062, 0.37613, 40.4869, 3.80049, -19.9748 )

[node name="Spatial" parent="RngRoot" instance=ExtResource( 36 )]
transform = Transform( 0.381662, -0.640261, 0.0430209, -0.0101227, 0.109414, 0.496895, -0.322849, -0.760325, 0.0352781, -6.08223, 2.04517, -14.398 )

[node name="dead_tree_1" parent="RngRoot" instance=ExtResource( 39 )]
transform = Transform( 0.0577556, 0, -0.998331, 0, 1, 0, 0.998331, 0, 0.0577556, -8.38298, -0.127906, 14.612 )

[node name="LiftableCrate" parent="RngRoot" instance=ExtResource( 40 )]
transform = Transform( 0.986861, 0, 0.161569, 0, 1, 0, -0.161569, 0, 0.986861, 1.96918, 3.00426, -25.3037 )

[node name="LiftableCrate2" parent="RngRoot" instance=ExtResource( 40 )]
transform = Transform( 0.983644, 0, -0.180124, 0, 1, 0, 0.180124, 0, 0.983644, 4.96918, 3.00426, -25.3037 )

[node name="Campsite" parent="." instance=ExtResource( 22 )]
transform = Transform( 1, 0, -5.96046e-08, 0, 1, 0, 5.96046e-08, 0, 1, 14, 2, -8.834 )

[node name="Hole" type="Spatial" parent="."]
transform = Transform( 1, 0, 0, 0, 1, 0, 0, 0, 1, 14, 2, -25.9899 )

[node name="HoleHitcheck" type="StaticBody" parent="Hole"]

[node name="CollisionShape" type="CollisionShape" parent="Hole/HoleHitcheck"]
transform = Transform( 1, 0, 0, 0, 1, 0, 0, 0, 1, -1.75, -5.5, 0 )
shape = SubResource( 2 )

[node name="CollisionShape9" type="CollisionShape" parent="Hole/HoleHitcheck"]
transform = Transform( 1, 0, 0, 0, 1, 0, 0, 0, 1, 0, -5, 0 )
shape = SubResource( 3 )

[node name="CollisionShape2" type="CollisionShape" parent="Hole/HoleHitcheck"]
transform = Transform( 1, 0, 0, 0, 1, 0, 0, 0, 1, 1.75, -5.5, 0 )
shape = SubResource( 2 )

[node name="CollisionShape3" type="CollisionShape" parent="Hole/HoleHitcheck"]
transform = Transform( -4.37114e-08, 0, 1, 0, 1, 0, -1, 0, -4.37114e-08, 0, -5.5, 1.75 )
shape = SubResource( 2 )

[node name="CollisionShape4" type="CollisionShape" parent="Hole/HoleHitcheck"]
transform = Transform( -4.37114e-08, 0, 1, 0, 1, 0, -1, 0, -4.37114e-08, 0, -5.5, -1.75 )
shape = SubResource( 2 )

[node name="CollisionShape5" type="CollisionShape" parent="Hole/HoleHitcheck"]
transform = Transform( -4.37114e-08, 0, 1, 0, 1, 0, -1, 0, -4.37114e-08, 1.39663, -5.5, 1.37101 )
shape = SubResource( 4 )

[node name="CollisionShape6" type="CollisionShape" parent="Hole/HoleHitcheck"]
transform = Transform( -4.37114e-08, 0, 1, 0, 1, 0, -1, 0, -4.37114e-08, -1.38894, -5.5, 1.37101 )
shape = SubResource( 4 )

[node name="CollisionShape7" type="CollisionShape" parent="Hole/HoleHitcheck"]
transform = Transform( -4.37114e-08, 0, 1, 0, 1, 0, -1, 0, -4.37114e-08, -1.38894, -5.5, -1.35888 )
shape = SubResource( 4 )

[node name="CollisionShape8" type="CollisionShape" parent="Hole/HoleHitcheck"]
transform = Transform( -4.37114e-08, 0, 1, 0, 1, 0, -1, 0, -4.37114e-08, 1.37747, -5.5, -1.35888 )
shape = SubResource( 4 )

[node name="Area" type="Area" parent="Hole"]
script = ExtResource( 11 )

[node name="CollisionShape" type="CollisionShape" parent="Hole/Area"]
transform = Transform( 1, 0, 0, 0, 1, 0, 0, 0, 1, 0, -4, 0 )
shape = SubResource( 5 )

[node name="Hole2" type="GridMap" parent="Hole"]
transform = Transform( 1, 0, 0, 0, 1, 0, 0, 0, 1, -22, 0, 8 )
mesh_library = ExtResource( 8 )
data = {
"cells": PoolIntArray( 10, 65531, 1048605, 11, 65531, 29, -65526, 65531, 131101, -65525, 65531, 1179677, 10, 65532, 655389, 11, 65532, 1441821, -65526, 65532, 1310749, -65525, 65532, 524317 )
}
__meta__ = {
"_editor_clip_": 0,
"_editor_floor_": Vector3( 0, -1, 0 )
}

[node name="void" type="MeshInstance" parent="Hole"]
transform = Transform( 1, 0, 0, 0, -4.37114e-08, 1, 0, -1, -4.37114e-08, 0, -0.462856, 0 )
mesh = SubResource( 6 )
material/0 = SubResource( 7 )

[node name="MarshWater" parent="." instance=ExtResource( 5 )]
transform = Transform( 1, 0, 0, 0, 1, 0, 0, 0, 1, 0, -6, 0 )
size = Vector2( 200, 200 )
depth = 8.0
mesh = SubResource( 10 )

[node name="Tracker" type="Spatial" parent="."]
transform = Transform( 1, 0, 0, 0, 1, 0, 0, 0, 1, 0, 4, 35 )
script = ExtResource( 13 )
limits = AABB( -40, -4, -40, 80, 20, 80 )
limit_x = true
limit_z = true

[node name="WorldCamera" parent="Tracker" instance=ExtResource( 24 )]
clouds_enabled = false

[node name="Start" type="Position3D" parent="."]
transform = Transform( 1, 0, 0, 0, 1, 0, 0, 0, 1, 5, -2, 35 )
script = ExtResource( 1 )
direction = "up"

[node name="PlayerTarget" type="Position3D" parent="Start"]
transform = Transform( 1, 0, 0, 0, 1, 0, 0, 0, 1, 0, 0, 1 )

[node name="PartnerTarget" type="Position3D" parent="Start"]
transform = Transform( 1, 0, 0, 0, 1, 0, 0, 0, 1, 0, 0, 4 )

[node name="Edges" type="StaticBody" parent="."]

[node name="CollisionShape" type="CollisionShape" parent="Edges"]
transform = Transform( 3, 0, 0, 0, -1.74846e-07, -1, 0, 4, -4.37114e-08, 10.0611, 32.7926, -9.06288 )
shape = SubResource( 8 )

[node name="CollisionShape2" type="CollisionShape" parent="Edges"]
transform = Transform( 0.086356, 0, -0.996265, 0, 1, 0, 0.996265, 0, 0.086356, 43.3888, 12, -49.4625 )
shape = SubResource( 8 )

[node name="CollisionShape3" type="CollisionShape" parent="Edges"]
transform = Transform( 0, 0, -1, 0, 1, 0, 1, 0, 0, 44, 12, -10 )
shape = SubResource( 8 )

[node name="CollisionShape4" type="CollisionShape" parent="Edges"]
transform = Transform( 0, 0, -1, 0, 1, 0, 1, 0, 0, 44, 12, 30 )
shape = SubResource( 8 )

[node name="CollisionShape5" type="CollisionShape" parent="Edges"]
transform = Transform( -0.707107, 0, -0.707107, 0, 1, 0, 0.707107, 0, -0.707107, 34, 12, 50 )
shape = SubResource( 8 )

[node name="CollisionShape6" type="CollisionShape" parent="Edges"]
transform = Transform( -1, 0, 0, 0, 1, 0, 0, 0, -1, 9.02546, 12, 56 )
shape = SubResource( 8 )

[node name="CollisionShape7" type="CollisionShape" parent="Edges"]
transform = Transform( -0.866025, 0, 0.5, 0, 1, 0, -0.5, 0, -0.866025, -25.9745, 12, 47 )
shape = SubResource( 8 )

[node name="CollisionShape8" type="CollisionShape" parent="Edges"]
transform = Transform( 5.96046e-08, 0, 1, 0, 1, 0, -1, 0, 5.96046e-08, -41, 12, 36 )
shape = SubResource( 8 )

[node name="CollisionShape9" type="CollisionShape" parent="Edges"]
transform = Transform( 5.96046e-08, 0, 1, 0, 1, 0, -1, 0, 5.96046e-08, -41, 12, -4 )
shape = SubResource( 8 )

[node name="CollisionShape10" type="CollisionShape" parent="Edges"]
transform = Transform( 0.288414, 0, 0.957505, 0, 1, 0, -0.957505, 0, 0.288414, -35.3541, 12, -43.0102 )
shape = SubResource( 8 )

[node name="Sun" type="DirectionalLight" parent="."]
transform = Transform( 0.999848, -0.0174525, 1.41361e-08, 0.0119026, 0.681894, 0.731354, -0.012764, -0.731242, 0.681998, 0.0496836, 11.4003, 9.50271 )
light_color = Color( 0.87451, 0.960784, 1, 1 )
light_energy = 0.5
light_specular = 0.0
light_bake_mode = 0
shadow_enabled = true
shadow_color = Color( 0.627451, 0.627451, 0.627451, 1 )
shadow_bias = 0.4
directional_shadow_mode = 0
directional_shadow_blend_splits = true
directional_shadow_normal_bias = 0.5

[node name="WorldEnvironment" type="WorldEnvironment" parent="."]
environment = ExtResource( 16 )

[node name="Planes" type="GridMap" parent="."]
mesh_library = ExtResource( 9 )
data = {
