[gd_scene load_steps=7 format=2]

[ext_resource path="res://mods/ap7-dungeon/parcels/RandomParcelNode.gd" type="Script" id=1]
[ext_resource path="res://mods/ap7-dungeon/parcels/station/props/StationFloatyBrick.tscn" type="PackedScene" id=2]
[ext_resource path="res://mods/ap7-dungeon/parcels/CellDirectionCheckerNode.gd" type="Script" id=3]
[ext_resource path="res://world/maps/FinalDungeonMeshlib.meshlib" type="MeshLibrary" id=4]
[ext_resource path="res://mods/ap7-dungeon/parcels/station/props/StationBrickWall.tres" type="Resource" id=5]

[sub_resource type="BoxShape" id=1]
extents = Vector3( 12, 30, 1 )

[node name="Spatial" type="Spatial"]

[node name="Wall_LR" type="Spatial" parent="."]
visible = false

[node name="Wall_LR" type="GridMap" parent="Wall_LR"]
mesh_library = ExtResource( 4 )
data = {
"cells": PoolIntArray( -655360, 0, 655375, -655359, 0, 655375, -655358, 0, 655375, -655351, 0, 655375, -655350, 0, 655375, -655349, 0, 655375, -589824, 0, 655375, -589823, 0, 655375, -589822, 0, 655375, -589815, 0, 655375, -589814, 0, 655375, -589813, 0, 655375, -524288, 0, 655375, -524287, 0, 655375, -524286, 0, 655375, -524279, 0, 655375, -524278, 0, 655375, -524277, 0, 655375, -458752, 0, 655375, -458751, 0, 655375, -458750, 0, 655375, -458743, 0, 655375, -458742, 0, 655375, -458741, 0, 655375, -393216, 0, 655375, -393215, 0, 655375, -393214, 0, 655375, -393207, 0, 655375, -393206, 0, 655375, -393205, 0, 655375, -327680, 0, 655375, -327679, 0, 655375, -327678, 0, 655375, -327671, 0, 655375, -327670, 0, 655375, -327669, 0, 655375, -262144, 0, 655375, -262143, 0, 655375, -262142, 0, 655375, -262135, 0, 655375, -262134, 0, 655375, -262133, 0, 655375, -196608, 0, 655375, -196607, 0, 655375, -196606, 0, 655375, -196599, 0, 655375, -196598, 0, 655375, -196597, 0, 655375, -131072, 0, 655375, -131071, 0, 655375, -131070, 0, 655375, -131063, 0, 655375, -131062, 0, 655375, -131061, 0, 655375, -65536, 0, 655373, -65535, 0, 655373, -65534, 0, 655373, -65527, 0, 655373, -65526, 0, 655373, -65525, 0, 655373, -65536, 1, 1, -65535, 1, 1, -65534, 1, 1, -65527, 1, 1, -65526, 1, 1, -65525, 1, 1, -65536, 2, 0, -65535, 2, 0, -65534, 2, 0, -65527, 2, 0, -65526, 2, 0, -65525, 2, 0 )
}
__meta__ = {
"_editor_clip_": 0,
"_editor_floor_": Vector3( 0, -10, 0 )
}

[node name="FloatyBrick" parent="Wall_LR" instance=ExtResource( 2 )]
transform = Transform( 0.933013, -0.25, 0.258819, 0.258819, 0.965926, 0, -0.25, 0.0669873, 0.965926, 3, 6, 0 )

[node name="FloatyBrick3" parent="Wall_LR" instance=ExtResource( 2 )]
transform = Transform( 0.933013, -0.25, 0.258819, 0.258819, 0.965926, 0, -0.25, 0.0669873, 0.965926, 12, 10, 0 )

[node name="FloatyBrick2" parent="Wall_LR" instance=ExtResource( 2 )]
transform = Transform( 0.933013, -0.25, 0.258819, 0.258819, 0.965926, 0, -0.25, 0.0669873, 0.965926, 20, 7, 0 )

[node name="SouthAvoid" type="Spatial" parent="Wall_LR"]
script = ExtResource( 3 )
behavior_on_south = 1

[node name="Brickwall2" type="Spatial" parent="Wall_LR/SouthAvoid"]
transform = Transform( 1, 0, 0, 0, 1, 0, 0, 0, 1, 12, 0, 1.4 )
script = ExtResource( 1 )
parcel_set = ExtResource( 5 )

[node name="Wall_L" type="Spatial" parent="."]
visible = false

[node name="Wall_L" type="GridMap" parent="Wall_L"]
mesh_library = ExtResource( 4 )
data = {
"cells": PoolIntArray( -655360, 0, 655375, -655359, 0, 655375, -655358, 0, 655375, -589824, 0, 655375, -589823, 0, 655375, -589822, 0, 655375, -524288, 0, 655375, -524287, 0, 655375, -524286, 0, 655375, -458752, 0, 655375, -458751, 0, 655375, -458750, 0, 655375, -393216, 0, 655375, -393215, 0, 655375, -393214, 0, 655375, -327680, 0, 655375, -327679, 0, 655375, -327678, 0, 655375, -262144, 0, 655375, -262143, 0, 655375, -262142, 0, 655375, -196608, 0, 655375, -196607, 0, 655375, -196606, 0, 655375, -131072, 0, 655375, -131071, 0, 655375, -131070, 0, 655375, -65536, 0, 655373, -65535, 0, 655373, -65534, 0, 655373, -65536, 1, 1, -65535, 1, 1, -65534, 1, 1, -65536, 2, 0, -65535, 2, 0, -65534, 2, 0 )
}
__meta__ = {
"_editor_clip_": 0,
"_editor_floor_": Vector3( 0, -1, 0 )
}

[node name="FloatyBrick" parent="Wall_L" instance=ExtResource( 2 )]
transform = Transform( 0.933013, -0.25, 0.258819, 0.258819, 0.965926, 0, -0.25, 0.0669873, 0.965926, 3, 6, 0 )

[node name="FloatyBrick2" parent="Wall_L" instance=ExtResource( 2 )]
transform = Transform( 0.933013, -0.25, 0.258819, 0.258819, 0.965926, 0, -0.25, 0.0669873, 0.965926, 16, 10, 0 )

[node name="SouthAvoid" type="Spatial" parent="Wall_L"]
script = ExtResource( 3 )
behavior_on_south = 1

[node name="Brickwall" type="Spatial" parent="Wall_L/SouthAvoid"]
transform = Transform( 1, 0, 0, 0, 1, 0, 0, 0, 1, 6, 0, 1.4 )
script = ExtResource( 1 )
parcel_set = ExtResource( 5 )

[node name="Wall_R" type="Spatial" parent="."]
visible = false

[node name="Wall_R" type="GridMap" parent="Wall_R"]
mesh_library = ExtResource( 4 )
data = {
"cells": PoolIntArray( -655351, 0, 655375, -655350, 0, 655375, -655349, 0, 655375, -589815, 0, 655375, -589814, 0, 655375, -589813, 0, 655375, -524279, 0, 655375, -524278, 0, 655375, -524277, 0, 655375, -458743, 0, 655375, -458742, 0, 655375, -458741, 0, 655375, -393207, 0, 655375, -393206, 0, 655375, -393205, 0, 655375, -327671, 0, 655375, -327670, 0, 655375, -327669, 0, 655375, -262135, 0, 655375, -262134, 0, 655375, -262133, 0, 655375, -196599, 0, 655375, -196598, 0, 655375, -196597, 0, 655375, -131063, 0, 655375, -131062, 0, 655375, -131061, 0, 655375, -65527, 0, 655373, -65526, 0, 655373, -65525, 0, 655373, -65527, 1, 1, -65526, 1, 1, -65525, 1, 1, -65527, 2, 0, -65526, 2, 0, -65525, 2, 0 )
}
__meta__ = {
"_editor_clip_": 0,
"_editor_floor_": Vector3( 0, -1, 0 )
}

[node name="FloatyBrick2" parent="Wall_R" instance=ExtResource( 2 )]
transform = Transform( 0.933013, -0.25, 0.258819, 0.258819, 0.965926, 0, -0.25, 0.0669873, 0.965926, 20, 7, 0 )

[node name="FloatyBrick3" parent="Wall_R" instance=ExtResource( 2 )]
transform = Transform( 0.933013, -0.25, 0.258819, 0.258819, 0.965926, 0, -0.25, 0.0669873, 0.965926, 9, 5, 0 )

[node name="SouthAvoid" type="Spatial" parent="Wall_R"]
script = ExtResource( 3 )
behavior_on_south = 1

[node name="Brickwall" type="Spatial" parent="Wall_R/SouthAvoid"]
transform = Transform( 1, 0, 0, 0, 1, 0, 0, 0, 1, 16, 0, 1.4 )
script = ExtResource( 1 )
parcel_set = ExtResource( 5 )

[node name="Wall_S" type="Spatial" parent="."]

[node name="FloatyBrick2" parent="Wall_S" instance=ExtResource( 2 )]
transform = Transform( 0.933013, -0.25, 0.258819, 0.258819, 0.965926, 0, -0.25, 0.0669873, 0.965926, 14, 7, 0 )

[node name="FloatyBrick3" parent="Wall_S" instance=ExtResource( 2 )]
transform = Transform( 0.933013, -0.25, 0.258819, 0.258819, 0.965926, 0, -0.25, 0.0669873, 0.965926, 10, 8, 0 )

[node name="SouthAvoid" type="Spatial" parent="Wall_S"]
script = ExtResource( 3 )
behavior_on_south = 1

[node name="Brickwall" type="Spatial" parent="Wall_S/SouthAvoid"]
transform = Transform( 1, 0, 0, 0, 1, 0, 0, 0, 1, 12, 0, 1.4 )
script = ExtResource( 1 )
parcel_set = ExtResource( 5 )

[node name="Shared" type="GridMap" parent="."]
mesh_library = ExtResource( 4 )
data = {
"cells": PoolIntArray( -655357, 0, 655375, -655356, 0, 655375, -655355, 0, 655375, -655354, 0, 655375, -655353, 0, 655375, -655352, 0, 655375, -589821, 0, 655375, -589820, 0, 655375, -589819, 0, 655375, -589818, 0, 655375, -589817, 0, 655375, -589816, 0, 655375, -524285, 0, 655375, -524284, 0, 655375, -524283, 0, 655375, -524282, 0, 655375, -524281, 0, 655375, -524280, 0, 655375, -458749, 0, 655375, -458748, 0, 655375, -458747, 0, 655375, -458746, 0, 655375, -458745, 0, 655375, -458744, 0, 655375, -393213, 0, 655375, -393212, 0, 655375, -393211, 0, 655375, -393210, 0, 655375, -393209, 0, 655375, -393208, 0, 655375, -327677, 0, 655375, -327676, 0, 655375, -327675, 0, 655375, -327674, 0, 655375, -327673, 0, 655375, -327672, 0, 655375, -262141, 0, 655375, -262140, 0, 655375, -262139, 0, 655375, -262138, 0, 655375, -262137, 0, 655375, -262136, 0, 655375, -196605, 0, 655375, -196604, 0, 655375, -196603, 0, 655375, -196602, 0, 655375, -196601, 0, 655375, -196600, 0, 655375, -131069, 0, 655375, -131068, 0, 655375, -131067, 0, 655375, -131066, 0, 655375, -131065, 0, 655375, -131064, 0, 655375, -65533, 0, 655373, -65532, 0, 655373, -65531, 0, 655373, -65530, 0, 655373, -65529, 0, 655373, -65528, 0, 655373, -65533, 1, 655361, -65532, 1, 655361, -65531, 1, 655361, -65530, 1, 655361, -65529, 1, 655361, -65528, 1, 655361, -65533, 2, 655360, -65532, 2, 655360, -65531, 2, 655360, -65530, 2, 655360, -65529, 2, 655360, -65528, 2, 655360 )
}
__meta__ = {
"_editor_clip_": 0,
"_editor_floor_": Vector3( 0, -1, 0 )
}

[node name="EnemyBlocker" type="StaticBody" parent="."]
collision_layer = 8192
collision_mask = 0

[node name="CollisionShape" type="CollisionShape" parent="EnemyBlocker"]
transform = Transform( 1, 0, 0, 0, 1, 0, 0, 0, 1, 12, 0, 1 )
shape = SubResource( 1 )
