[gd_scene load_steps=6 format=2]

[ext_resource path="res://world/objects/wired/large_switch/large_switch.mesh" type="ArrayMesh" id=1]

[sub_resource type="BoxShape" id=1]
extents = Vector3( 1, 0.4, 1 )

[sub_resource type="BoxShape" id=2]
extents = Vector3( 1, 0.4, 1 )

[sub_resource type="CylinderShape" id=3]
height = 0.3
radius = 1.2

[sub_resource type="CylinderShape" id=4]
height = 1.5
radius = 0.75

[node name="Spatial" type="Spatial"]

[node name="MeshInstance" type="MeshInstance" parent="."]
transform = Transform( -1.62921e-07, 0, -1, 0, 1, 0, 1, 0, -1.62921e-07, 0, 1, 0 )
mesh = ExtResource( 1 )

[node name="StaticBody" type="StaticBody" parent="."]

[node name="CollisionShape" type="CollisionShape" parent="StaticBody"]
transform = Transform( 1, 0, 0, 0, 1, 0, 0, 0, 1, 0, 0.396337, 0.101918 )
shape = SubResource( 1 )

[node name="CollisionShape4" type="CollisionShape" parent="StaticBody"]
transform = Transform( 1, 0, 0, 0, 0.944692, 0.32796, 0, -0.32796, 0.944692, 0, 0.694025, 0.101918 )
shape = SubResource( 2 )

[node name="CollisionShape2" type="CollisionShape" parent="StaticBody"]
transform = Transform( 1, 0, 0, 0, 0.925956, 0.377631, 0, -0.377631, 0.925956, 0, 1.1952, 0.11914 )
shape = SubResource( 3 )

[node name="CollisionShape3" type="CollisionShape" parent="StaticBody"]
transform = Transform( 1, 0, 0, 0, 0.925956, 0.377631, 0, -0.377631, 0.925956, 0, 1.9552, -0.190812 )
shape = SubResource( 4 )
