[gd_scene load_steps=4 format=2]

[ext_resource path="res://world/objects/static_physics/mall_props/MallShelf1.tscn" type="PackedScene" id=1]
[ext_resource path="res://mods/ap7-dungeon/parcels/props/book/books.tres" type="Resource" id=2]
[ext_resource path="res://mods/ap7-dungeon/parcels/RandomParcelNode.gd" type="Script" id=3]

[node name="Spatial" type="Spatial"]

[node name="wooden_shelf_1" parent="." instance=ExtResource( 1 )]
transform = Transform( -4.37114e-08, 0, 1, 0, 1, 0, -1, 0, -4.37114e-08, 0, 2.5, 0 )

[node name="RandomParcelNode" type="Spatial" parent="."]
transform = Transform( -1, 0, -8.74228e-08, 0, 1, 0, 8.74228e-08, 0, -1, 0.393675, 3.21395, -1.14954 )
script = ExtResource( 3 )
parcel_set = ExtResource( 2 )

[node name="RandomParcelNode2" type="Spatial" parent="."]
transform = Transform( -1, 0, -8.74228e-08, 0, 1, 0, 8.74228e-08, 0, -1, 0.393675, 3.21395, -1.27907 )
script = ExtResource( 3 )
parcel_set = ExtResource( 2 )

[node name="RandomParcelNode3" type="Spatial" parent="."]
transform = Transform( -1, 0, -8.74228e-08, 0, 1, 0, 8.74228e-08, 0, -1, 0.393675, 3.21395, -1.4093 )
script = ExtResource( 3 )
parcel_set = ExtResource( 2 )

[node name="RandomParcelNode5" type="Spatial" parent="."]
transform = Transform( -1, 0, -8.74228e-08, 2.24763e-08, 0.966385, -0.257099, 8.44841e-08, -0.257099, -0.966385, 0.393675, 3.24477, -0.624794 )
script = ExtResource( 3 )
parcel_set = ExtResource( 2 )

[node name="RandomParcelNode6" type="Spatial" parent="."]
transform = Transform( -1, 0, -8.74228e-08, 7.12984e-09, 0.996669, -0.0815558, 8.71315e-08, -0.0815558, -0.996669, 0.393675, 3.23421, -0.841398 )
script = ExtResource( 3 )
parcel_set = ExtResource( 2 )

[node name="RandomParcelNode7" type="Spatial" parent="."]
transform = Transform( -1, 0, -8.74228e-08, 7.12984e-09, 0.996669, -0.0815558, 8.71315e-08, -0.0815558, -0.996669, 0.393675, 3.22359, -0.971187 )
script = ExtResource( 3 )
parcel_set = ExtResource( 2 )

[node name="RandomParcelNode4" type="Spatial" parent="."]
transform = Transform( -0.995358, -0.0962452, 4.20701e-09, 0, -4.37114e-08, -1, 0.0962452, -0.995358, 4.35085e-08, 0.534706, 2.77885, 0.908078 )
script = ExtResource( 3 )
parcel_set = ExtResource( 2 )
